wall_0=Wall(-0.6417,-3.13454,0.0,-0.6417,-2.34575,0.0,2.8,0.05)
wall_1=Wall(1.19825,-5.4691,0.0,1.19825,-3.13454,0.0,2.8,0.05)
wall_3=Wall(1.19825,-5.4691,0.0,4.79643,-5.4691,0.0,2.8,0.05)
wall_4=Wall(4.30311,-2.34575,0.0,4.79643,-2.34575,0.0,2.8,0.05)
wall_5=Wall(0.54407,-2.34575,0.0,4.30311,-2.34575,0.0,2.8,0.05)
wall_15=Wall(4.79643,-5.4691,0.0,4.79643,-2.34575,0.0,2.8,0.05)
wall_18=Wall(-0.6417,-2.34575,0.0,0.54407,-2.34575,0.0,2.8,0.05)
wall_20=Wall(-0.6417,-3.13454,0.0,1.19825,-3.13454,0.0,2.8,0.05)
window_21=Window(wall_4,4.916430000000001,-3.9469899999999996,1.6500000000000001,0.2400000000000002,1.5)
door_22=Door(wall_18,-0.15827499999999997,-2.2257499999999992,1.0499999999999998,0.81119,2.09996)
bbox_0=Bbox(king-size bed,3.070870165018205,-4.409788579072839,0.39048290714220113,1.5707963267948968,2.7288838064965266,2.09636065961924,0.9450201033110992)
bbox_1=Bbox(wardrobe,1.4793997336718556,-4.471443954265747,1.0622640569137247,3.141584120877485,0.640098356911813,1.800561729480766,2.100371594058684)
bbox_2=Bbox(dressing table,4.0128816105924665,-2.4848387339545215,0.5973853199121971,-1.5708237347571077,0.6800889770775687,0.4321504318498537,0.9066838341663206)
bbox_3=Bbox(pendant lamp,3.0048285401556276,-3.956950102214241,1.9798749919411485,0.963816035766986,1.768551551460237,1.3944141516841153,1.7858648832627466)
