wall_0=Wall(1.9743586778640747,-6.613202476501465,0.026850323379039767,5.224358677864075,-6.613202476501465,0.026850323379039767,2.68,0.0)
wall_1=Wall(1.9743586778640747,-6.613202476501465,0.026850323379039767,1.9743586778640747,-1.7632024765014647,0.026850323379039767,2.68,0.0)
wall_2=Wall(5.224358677864075,-6.613202476501465,0.026850323379039767,5.224358677864075,-1.7632024765014647,0.026850323379039767,2.68,0.0)
wall_3=Wall(1.9743586778640747,-1.7632024765014647,0.026850323379039767,5.224358677864075,-1.7632024765014647,0.026850323379039767,2.68,0.0)
door_0=Door(wall_1,1.9743586778640747,-2.2632024765014647,1.0768503233790399,0.8800000000000001,2.08)
door_1=Door(wall_3,4.224358677864075,-1.7632024765014647,1.0768503233790399,0.8800000000000001,2.08)
window_0=Window(wall_0,3.5243586778640745,-6.613202476501465,1.4268503233790397,3.12,1.8800000000000001)
window_1=Window(wall_2,5.224358677864075,-6.013202476501465,1.4268503233790397,1.2400000000000002,1.8800000000000001)
bbox_0=Bbox(bed,4.174358677864075,-4.513202476501465,0.4268503233790398,-1.5708000000000002,1.84375,2.09375,0.84375)
bbox_1=Bbox(nightstand,5.0243586778640745,-3.2632024765014647,0.22685032337903976,-1.5708000000000002,0.46875,0.375,0.4375)
bbox_2=Bbox(dressing_table,4.874358677864075,-6.013202476501465,0.6268503233790398,-1.5708000000000002,1.1875,0.46875,1.1875)
bbox_3=Bbox(wardrobe,4.424358677864075,-2.663202476501465,1.2768503233790398,-3.1416,1.65625,0.46875,2.53125)
bbox_4=Bbox(wardrobe,1.9743586778640747,-4.513202476501465,1.2768503233790398,-1.5708000000000002,2.8125,0.3125,2.53125)
bbox_5=Bbox(curtain,3.574358677864075,-6.513202476501465,1.4268503233790397,-3.1416,3.25,0.15625,1.875)
bbox_6=Bbox(curtain,5.174358677864075,-6.013202476501465,1.7768503233790398,-1.5708000000000002,1.25,0.09375,0.84375)